[... end of page 902 ...]

7 0.00086085 5.850394
8 0.00086085 7.190503
9 0.00091850 8.620358
10 0.00091850 10.050213
11 0.00112826 11.806598
12 0.00115561 13.605563
13 0.00137961 15.753236
14 0.00137961 17.900908
15 0.00139093 20.066210
16 0.00139093 22.231512
17 0.00143349 24.463072
18 0.00143350 26.694633
19 0.00148539 29.006985
20 0.00148539 31.319338
21 0.00173415 34.018940
22 0.00224131 37.508054
23 0.00224132 40.997171
(continuesonnextpage)
880 Chapter7. DetailedDocumentation

--- Page 903 ---
ORCAManual,Release6.0.0
(continuedfrompreviouspage)
24 0.00533017 49.294785
25 0.00533019 57.592429
26 0.00658679 67.846267
27 0.00662033 78.152314
28 0.00701718 89.076149
29 0.00701719 100.000000
Eigenvalues and corresponding R_virt values for the virtual orbital selection density
Orbital Eigenvalue R_virt
0 0.00000119 0.000450
1 0.00000119 0.000899
2 0.00000134 0.001404
3 0.00000134 0.001909
4 0.00000136 0.002423
5 0.00000177 0.003091
6 0.00000178 0.003764
7 0.00000178 0.004437
8 0.00000215 0.005248
9 0.00000224 0.006096
10 0.00000224 0.006944
11 0.00000238 0.007844
12 0.00000347 0.009154
13 0.00000347 0.010465
14 0.00000364 0.011841
15 0.00000386 0.013299
16 0.00000396 0.014793
17 0.00000396 0.016287
18 0.00000437 0.017937
19 0.00000437 0.019587
20 0.00000499 0.021472
21 0.00000499 0.023357
22 0.00000794 0.026354
23 0.00000794 0.029352
24 0.00000819 0.032447
25 0.00000819 0.035543
26 0.00000927 0.039044
27 0.00000927 0.042546
28 0.00001002 0.046332
29 0.00001002 0.050119
30 0.00001137 0.054415
31 0.00001137 0.058711
32 0.00001158 0.063086
33 0.00001158 0.067461
34 0.00001381 0.072678
35 0.00001381 0.077894
36 0.00001417 0.083249
37 0.00001417 0.088604
38 0.00001465 0.094137
39 0.00001495 0.099785
40 0.00001495 0.105432
41 0.00001554 0.111302
42 0.00001554 0.117172
43 0.00001623 0.123303
44 0.00001689 0.129685
45 0.00001754 0.136310
46 0.00001754 0.142934
47 0.00001805 0.149752
48 0.00001805 0.156570
49 0.00002111 0.164546
(continuesonnextpage)
7.43. MultireferenceEquationofMotionCoupled-Cluster(MR-EOM-CC)Theory 881

[... start of page 904 ...]
ORCAManual,Release6.0.0
(continuedfrompreviouspage)
.
.
.
Inconclusion, theorbitalselectionschemeprovidesamoreefficientwaytocalculateaccurateexcitationspectra
withintheframeworkofMR-EOM.Itcanbeusedtoextendtheapplicabilityofthisapproachtolargersystemsand
weexpectittobemuchmoreeffectiveinlargersystemswherethechromophoreislocalizedtoasmallpartofthe
molecule. Wereiteratethatitiscurrentlylimitedtothecalculationofexcitationenergiesandshouldnotbeused
ifoneisinterest