[... end of page 1134 ...]
0 0 1 -1
0.192550 0.430084 -0.087049 : 0 1 1 -1
...
STATE 104: 6683223.2237
0.031604 0.157946 0.081591 : 0 17 1 1
0.054142 -0.232659 -0.003404 : 0 18 1 1
0.064958 -0.076463 0.243129 : 0 19 1 1
0.040339 0.047206 0.195219 : 0 24 1 1
0.127180 -0.000013 0.356624 : 0 20 1 0
0.001970 -0.000039 -0.044381 : 0 21 1 0
0.080521 -0.000008 0.283763 : 0 23 1 0
(continuesonnextpage)
1112 Chapter7. DetailedDocumentation

--- Page 1135 ---
ORCAManual,Release6.0.0
(continuedfrompreviouspage)
0.031582 0.157887 -0.081573 : 0 17 1 -1
0.054144 -0.232664 0.003379 : 0 18 1 -1
0.064929 -0.076436 -0.243078 : 0 19 1 -1
0.040357 0.047226 -0.195260 : 0 24 1 -1
0.031231 -0.176723 0.000065 : 1 21 0 0
0.376805 0.613845 0.000034 : 1 22 0 0
FollowedbytheSOCcorrectedAbsorption(HereXAS)spectrum
------------------------------------------------------------------------------------------
SOC CORRECTED ABSORPTION SPECTRUM
------------------------------------------------------------------------------------------
States Energy Wavelength fosc T2 |TX| |TY| |TZ|
(cm-1) (nm) (D**2) (D) (D) (D)
------------------------------------------------------------------------------------------
0 1 0.0 0.0 0.000000000 0.00006 0.00748 0.00248 0.00014
0 2 0.0 0.0 0.000000000 0.08561 0.15114 0.25053 0.00001
0 3 0.0 0.0 0.000000000 0.08072 0.24632 0.14159 0.00001
0 4 0.0 5379590440159.6 0.000000000 0.00010 0.00622 0.00793 0.00050
0 5 0.0 5308337586647.6 0.000000000 0.00021 0.01379 0.00399 0.00008
0 6 0.0 3910043783335.5 0.000000000 0.02400 0.04644 0.14780 0.00056
0 7 0.0 3891062988270.8 0.000000000 0.03327 0.05783 0.17298 0.00064
0 8 0.0 3626963690424.4 0.000000000 0.04657 0.21455 0.02332 0.00029
0 9 1386.7 7211.2 0.000000723 0.00998 0.01613 0.09858 0.00007
0 10 1386.7 7211.2 0.000000741 0.01022 0.09943 0.01828 0.00001
0 11 1386.7 7211.2 0.000000001 0.00002 0.00200 0.00345 0.00006
0 12 1386.7 7211.2 0.000000018 0.00024 0.00512 0.01469 0.00011
0 13 1386.7 7211.2 0.000000006 0.00009 0.00899 0.00263 0.00002
0 14 1386.7 7211.2 0.000000000 0.00000 0.00044 0.00179 0.00001
...
2 101 6677152.3 1.5 0.000693465 0.00199 0.02052 0.03956 0.00095
2 102 6683223.2 1.5 0.000000000 0.00000 0.00000 0.00000 0.00000
2 103 6683223.2 1.5 0.000000000 0.00000 0.00000 0.00000 0.00000
2 104 6683223.2 1.5 0.000000000 0.00000 0.00000 0.00000 0.00000
Byprocessingthe*.outfileasusualwithorca_mapspcorca_mapspcthe*.datand*.stkfilesaregeneratedresulting
inFig.7.71.
7.58. UtilityPrograms 1113

[... start of page 1136 ...]
ORCAManual,Release6.0.0
Fig.7.71: orca_lftsimulated𝑁𝑖2+L-edgeXASspectrum
7.58.16 orca_crystalprep
ORCA5.0feturesautilityprogramthatcanprocesscrystallographicfiles(.cif)or.xyzsupercellfilesandproduce
properinputsfortheembeddedclustercalculationsItisnamedorca_crystalpr